0.000168833
0.000168833
0.000168833
0.000168833
0.000168833
0.000168833
0.000168833
0.000168833
0.000168833
0.000168833
0.000168833
0.000168833
0.000168833
0.000168833
0.000168833
0.000168833
0.000168833
0.000168833
0.000168833
0.000168833
0.000168833
0.000168833
0.000168833
0.000168833
0.000168833
0.000168833
0.000168833
0.000168833
0.000168833
0.000168833
0.000168833
0.000168833
0.000168833
0.000168833
0.000168833
0.000168833
0.000168833
0.000168833
0.000168833
0.000337667
0.000337667
0.000337667
0.000168833
0.000337667
0.000337667
0.000337667
0.000168833
0.000168833
0.000168833
0.000168833
0.000168833
0.000168833
0.000168833
0.000168833
0.000168833
0.000168833
0.000168833
0.000168833
0.000168833
0.000168833
0.000168833
0.000168833
0.000337667
0.000337667
0.000337667
0.000168833
0.000168833
0.000337667
0.0005065
0.000675333
0.0005065
0.000337667
0.0005065
0.000168833
0.000337667
0.000337667
0.000168833
0.000168833
0.000168833
0.000168833
0.000168833
0.000168833
0.000168833
0.000168833
0.000168833
0.000168833
0.000168833
0.000337667
0.000337667
0.0005065
0.0005065
0.000675333
0.000844167
0.002026
0.004052
0.0086105
0.013169
0.0184028
0.0241432
0.027351
0.0278575
0.0226237
0.0190782
0.0136755
0.009117
0.0055715
0.00236367
0.00118183
0.000337667
0.000337667
0.000168833
0.000168833
0.000168833
0.000168833
0.000168833
0.0005065
0.000337667
0.000844167
0.00185717
0.0045585
0.0106365
0.0249873
0.0494682
0.093196
0.160729
0.241432
0.312511
0.364005
0.374304
0.34881
0.293095
0.219821
0.133716
0.0736113
0.0337667
0.0102988
0.00185717
0.000337667
0.000168833
0.000168833
0.000168833
0.000168833
0.000168833
0.000675333
0.000675333
0.00185717
0.00523383
0.013169
0.0349485
0.0778322
0.147392
0.255783
0.391018
0.530981
0.635489
0.712814
0.73375
0.699139
0.603242
0.477461
0.329563
0.194834
0.0869492
0.0308965
0.00422083
0.000337667
0.000168833
0.000168833
0.000168833
0.000168833
0.000168833
0.000168833
0.00168833
0.00489617
0.012156
0.0329225
0.076988
0.161742
0.285328
0.443019
0.59193
0.72075
0.802634
0.856154
0.870505
0.856998
0.80179
0.682593
0.518318
0.349147
0.184873
0.0725983
0.0113118
0.000844167
0.000337667
0.000337667
0.000168833
0.000168833
0.000168833
0.000337667
0.00185717
0.0086105
0.023299
0.0687152
0.155664
0.283471
0.445382
0.606618
0.7351
0.810569
0.844673
0.854634
0.867128
0.875063
0.862401
0.803478
0.679892
0.493331
0.303225
0.13743
0.0271822
0.00135067
0.000168833
0.000337667
0.000337667
0.000168833
0.0005065
0.000675333
0.00236367
0.0123248
0.0481175
0.127807
0.25477
0.419551
0.596319
0.72497
0.792673
0.798751
0.775452
0.743036
0.734256
0.76127
0.800608
0.819179
0.763802
0.624683
0.417356
0.216782
0.052676
0.00135067
0.000168833
0.000168833
0.000168833
0.000168833
0.000168833
0.000337667
0.00320783
0.0260003
0.089144
0.213743
0.371433
0.56441
0.701165
0.780179
0.776633
0.71484
0.628229
0.558501
0.537734
0.555462
0.648151
0.74962
0.788452
0.710282
0.522202
0.298329
0.0798582
0.00168833
0.000168833
0.000168833
0.000168833
0.000168833
0.000337667
0.0005065
0.00624683
0.0520007
0.15482
0.312848
0.50076
0.676178
0.773594
0.773932
0.69171
0.572007
0.456525
0.358433
0.314368
0.351342
0.478643
0.650515
0.76262
0.751477
0.600203
0.375148
0.112612
0.00236367
0.000168833
0.000168833
0.000168833
0.000337667
0.000168833
0.000337667
0.0108053
0.0918453
0.232652
0.426473
0.620125
0.759581
0.783387
0.702853
0.563397
0.411278
0.282458
0.195003
0.168496
0.215938
0.355732
0.556644
0.728347
0.774776
0.650177
0.429681
0.147898
0.00438967
0.000337667
0.000168833
0.000168833
0.000168833
0.000337667
0.000337667
0.0217795
0.146041
0.328887
0.54415
0.716191
0.789465
0.736282
0.588722
0.411109
0.252575
0.142327
0.0933648
0.0906635
0.147223
0.290225
0.497214
0.695256
0.769542
0.6701
0.460577
0.174911
0.0065845
0.000337667
0.000168833
0.000168833
0.000337667
0.0005065
0.000675333
0.0362992
0.214418
0.42833
0.642242
0.773088
0.772919
0.650684
0.455681
0.262029
0.130171
0.0639878
0.0450785
0.0531825
0.126287
0.273004
0.478474
0.68158
0.762789
0.663346
0.457707
0.18386
0.0075975
0.000168833
0.000168833
0.000168833
0.000168833
0.000168833
0.0005065
0.0590917
0.289887
0.523215
0.718892
0.796218
0.724802
0.546345
0.324667
0.15195
0.0636502
0.0325848
0.0268445
0.0518318
0.141314
0.295458
0.510552
0.692892
0.749789
0.640723
0.429006
0.177444
0.0086105
0.000168833
0.000168833
0.000168833
0.000168833
0.000168833
0.000675333
0.0882998
0.36029
0.595138
0.766166
0.79588
0.658619
0.44724
0.218302
0.0869492
0.034442
0.0205977
0.0319095
0.0774945
0.196522
0.36755
0.571501
0.722269
0.726996
0.600203
0.386797
0.156677
0.00928583
0.000168833
0.000168833
0.000168833
0.000168833
0.000168833
0.00135067
0.114976
0.418707
0.641567
0.792504
0.77427
0.600371
0.362992
0.157015
0.059767
0.026338
0.0287017
0.0655073
0.147898
0.293095
0.485058
0.650684
0.746075
0.691541
0.535708
0.3299
0.123417
0.0065845
0.000168833
0.000168833
0.000168833
0.000168833
0.000168833
0.00168833
0.141482
0.448253
0.666385
0.801621
0.758737
0.563566
0.325342
0.142158
0.0666892
0.0543643
0.0801958
0.149586
0.27503
0.451292
0.605436
0.72936
0.739997
0.62232
0.433395
0.243964
0.0874557
0.00388317
0.000168833
0.000337667
0.000168833
0.000168833
0.000168833
0.002026
0.152119
0.44724
0.663009
0.799257
0.764984
0.590073
0.370758
0.208172
0.14182
0.147392
0.21273
0.320952
0.464798
0.606281
0.721763
0.754347
0.678204
0.512578
0.328719
0.162587
0.0492993
0.00236367
0.000168833
0.000168833
0.000168833
0.000337667
0.000337667
0.003039
0.144521
0.415837
0.633463
0.787776
0.796893
0.68445
0.519163
0.380044
0.328043
0.347628
0.42546
0.537565
0.65271
0.742867
0.772581
0.714334
0.558838
0.382745
0.21712
0.0915077
0.0214418
0.00118183
0.000168833
0.000168833
0.000168833
0.000337667
0.000337667
0.00287017
0.113118
0.343576
0.566436
0.747932
0.833361
0.815972
0.731555
0.650008
0.61354
0.619787
0.673307
0.737295
0.789465
0.795543
0.723957
0.566605
0.403174
0.249705
0.115651
0.0401823
0.0075975
0.000675333
0.000337667
0.000168833
0.000168833
0.000168833
0.000337667
0.0025325
0.0791828
0.24025
0.451798
0.652203
0.806855
0.884518
0.890258
0.862907
0.838933
0.831504
0.838089
0.839777
0.802971
0.702516
0.551579
0.393213
0.242951
0.122067
0.0477798
0.013169
0.00270133
0.000337667
0.000675333
0.000337667
0.000168833
0.000168833
0.000168833
0.00135067
0.0357927
0.134729
0.291575
0.480669
0.661827
0.798751
0.876414
0.89718
0.890934
0.872362
0.835556
0.759075
0.640047
0.489279
0.337498
0.205133
0.104001
0.0413642
0.0135067
0.00337667
0.00118183
0.000675333
0.000337667
0.000337667
0.000168833
0.000168833
0.000168833
0.000337667
0.009117
0.0474422
0.128145
0.253925
0.405369
0.550059
0.660983
0.72075
0.72649
0.688165
0.601891
0.486409
0.360966
0.238393
0.137937
0.0660138
0.0256627
0.00793517
0.00320783
0.0015195
0.000844167
0.0005065
0.000168833
0.000168833
0.000168833
0.000168833
0.000168833
0.000168833
0.0015195
0.00590917
0.0184028
0.0444032
0.0823907
0.129833
0.168833
0.197197
0.207327
0.191964
0.162755
0.12443
0.0807023
0.0474422
0.0216107
0.0096235
0.00320783
0.000844167
0.000844167
0.0005065
0.0005065
0.000337667
0.000168833
0.000168833
0.000168833
0.000168833
0.000168833
0.000168833
0.000168833
0.000168833
0.000337667
0.0005065
0.00135067
0.0025325
0.00287017
0.00320783
0.003039
0.0025325
0.00219483
0.00135067
0.000844167
0.000337667
0.000337667
0.000168833
0.000168833
0.000168833
0.000168833
0.000168833
0.000168833
0.000168833
0.000168833
0.000168833
0.000168833
0.000168833
0.000168833
0.000168833
0.000168833
0.000168833
0.000168833
0.000168833
0.000168833
0.000168833
0.000168833
0.000168833
0.000168833
0.000168833
0.000168833
0.000168833
0.000168833
0.000168833
0.000168833
0.000168833
0.000168833
0.000168833
0.000168833
0.000168833
0.000168833
0.000168833
0.000168833
0.000168833
0.000168833
0.000168833
0.000168833
0.000168833
0.000168833
0.000168833
0.000168833
0.000168833
0.000168833
0.000168833
0.000168833
0.000168833
0.000168833
0.000168833
0.000168833
0.000168833
0.000168833
0.000168833
0.000168833
0.000168833
0.000168833
0.000168833
0.000168833
0.000168833
0.000168833
0.000168833
0.000168833
0.000168833
0.000148324
0.000148324
0.000148324
0.000148324
0.000148324
0.000148324
0.000148324
0.000148324
0.000148324
0.000148324
0.000148324
0.000148324
0.000148324
0.000148324
0.000148324
0.000148324
0.000148324
0.000148324
0.000148324
0.000148324
0.000148324
0.000148324
0.000148324
0.000148324
0.000148324
0.000148324
0.000148324
0.000148324
0.000148324
0.000148324
0.000148324
0.000148324
0.000148324
0.000148324
0.000148324
0.000148324
0.000148324
0.000148324
0.000148324
0.000148324
0.000148324
0.000148324
0.000444972
0.000444972
0.000444972
0.000148324
0.000148324
0.000148324
0.000148324
0.000148324
0.000148324
0.000148324
0.000148324
0.000148324
0.000148324
0.000148324
0.000148324
0.000148324
0.000148324
0.000148324
0.000148324
0.000148324
0.000148324
0.000148324
0.000148324
0.000148324
0.000296648
0.000296648
0.000444972
0.00103827
0.00237318
0.00207654
0.00207654
0.000593296
0.000444972
0.000296648
0.000296648
0.000148324
0.000148324
0.000148324
0.000148324
0.000148324
0.000148324
0.000148324
0.000148324
0.000148324
0.000296648
0.000148324
0.000148324
0.000148324
0.000148324
0.000148324
0.000148324
0.000444972
0.00103827
0.00118659
0.0037081
0.00815782
0.0118659
0.0120142
0.010976
0.00800949
0.00697123
0.00474637
0.00252151
0.00177989
0.000889944
0.000444972
0.000148324
0.000148324
0.000148324
0.000148324
0.000148324
0.000148324
0.000296648
0.000296648
0.000444972
0.000444972
0.000593296
0.00074162
0.00177989
0.00459804
0.0143874
0.036191
0.0918125
0.168496
0.233759
0.267428
0.259864
0.242213
0.207209
0.16286
0.109166
0.0597745
0.02655
0.00860279
0.00237318
0.000148324
0.000148324
0.000148324
0.000148324
0.000148324
0.000296648
0.000593296
0.000593296
0.00074162
0.00148324
0.00207654
0.00296648
0.00845446
0.0238802
0.0660042
0.153219
0.288935
0.407446
0.47345
0.481015
0.434886
0.364284
0.274103
0.179917
0.10353
0.0440522
0.0170573
0.00444972
0.000296648
0.000296648
0.000148324
0.000148324
0.000148324
0.000148324
0.000444972
0.000593296
0.00103827
0.00148324
0.00266983
0.00474637
0.00889944
0.0262533
0.0717888
0.172056
0.323495
0.474043
0.564669
0.574014
0.509344
0.407594
0.290567
0.179769
0.0980421
0.0404924
0.0136458
0.00415307
0.000148324
0.000148324
0.000148324
0.000148324
0.000148324
0.000296648
0.000444972
0.00074162
0.00103827
0.00118659
0.0031148
0.00489469
0.00904776
0.0223969
0.0700089
0.177247
0.34693
0.527143
0.647731
0.638386
0.542569
0.401513
0.267576
0.15218
0.0694156
0.0283299
0.00949273
0.0031148
0.000148324
0.000296648
0.000148324
0.000148324
0.000148324
0.000148324
0.000296648
0.000593296
0.00074162
0.00237318
0.00355977
0.00489469
0.00830614
0.0194304
0.0648176
0.176505
0.37437
0.592109
0.726639
0.702314
0.545535
0.365025
0.215515
0.102047
0.0413824
0.0148324
0.00400475
0.00133492
0.000148324
0.000148324
0.000148324
0.000148324
0.000296648
0.000148324
0.000296648
0.000296648
0.000889944
0.00237318
0.00281815
0.00430139
0.00949273
0.0189855
0.0560664
0.175616
0.411006
0.678879
0.828686
0.734352
0.517799
0.314892
0.157223
0.0590329
0.0192821
0.00593296
0.00177989
0.000889944
0.000296648
0.000296648
0.000148324
0.000148324
0.000296648
0.000148324
0.000148324
0.000296648
0.00074162
0.00133492
0.0031148
0.00430139
0.00889944
0.0186888
0.0504301
0.180955
0.466182
0.793236
0.908484
0.740136
0.463661
0.24073
0.0949273
0.0258084
0.0068229
0.00296648
0.00133492
0.000148324
0.000593296
0.000444972
0.000296648
0.000148324
0.000296648
0.000296648
0.000296648
0.000889944
0.00118659
0.000889944
0.00237318
0.0037081
0.00875111
0.0182438
0.0458321
0.19119
0.566449
0.908336
0.947938
0.718778
0.388015
0.155443
0.0444972
0.010086
0.00266983
0.00192821
0.00074162
0.000296648
0.000593296
0.000296648
0.000296648
0.000148324
0.000148324
0.000148324
0.000296648
0.000889944
0.000593296
0.000889944
0.00148324
0.00533966
0.00978938
0.0167606
0.0401958
0.225007
0.719964
0.976565
0.962326
0.68318
0.280481
0.0795016
0.0149807
0.00296648
0.00207654
0.00103827
0.000444972
0.000148324
0.000296648
0.000148324
0.000296648
0.000296648
0.000148324
0.000148324
0.000444972
0.000593296
0.000444972
0.000889944
0.00177989
0.00459804
0.00815782
0.0139425
0.0502818
0.310294
0.867843
0.991546
0.960694
0.605903
0.16375
0.0283299
0.00489469
0.00177989
0.00148324
0.000889944
0.000296648
0.000148324
0.000296648
0.000148324
0.000148324
0.000148324
0.000148324
0.000148324
0.000593296
0.000593296
0.000593296
0.000889944
0.00148324
0.00430139
0.0074162
0.0161673
0.084693
0.445417
0.935182
0.993474
0.94156
0.464106
0.0817265
0.0106793
0.00192821
0.00148324
0.00148324
0.000889944
0.000296648
0.000296648
0.000296648
0.000148324
0.000148324
0.000148324
0.000148324
0.000444972
0.000444972
0.000593296
0.000296648
0.000296648
0.00207654
0.00355977
0.00771284
0.0351528
0.171611
0.58677
0.95491
0.991397
0.873331
0.32305
0.0427173
0.00504301
0.00163156
0.00103827
0.00163156
0.000889944
0.000296648
0.000296648
0.000148324
0.000148324
0.000148324
0.000148324
0.000296648
0.000444972
0.000148324
0.000444972
0.000444972
0.000889944
0.00207654
0.00474637
0.0185405
0.0866212
0.292791
0.661673
0.953278
0.973302
0.732424
0.234945
0.0348561
0.00474637
0.00237318
0.00177989
0.00163156
0.00118659
0.000444972
0.000593296
0.000296648
0.000296648
0.000148324
0.000148324
0.000296648
0.000296648
0.000148324
0.000444972
0.00103827
0.00133492
0.00355977
0.0145357
0.05221
0.170573
0.40003
0.701424
0.936666
0.905963
0.57698
0.197419
0.0404924
0.00889944
0.00578463
0.0031148
0.00237318
0.00222486
0.00133492
0.00118659
0.000593296
0.000444972
0.000148324
0.000148324
0.000148324
0.000148324
0.000148324
0.000148324
0.00074162
0.00237318
0.010086
0.0341145
0.10709
0.25571
0.470187
0.718778
0.893948
0.785969
0.482053
0.19208
0.0493919
0.0146841
0.00845446
0.0068229
0.00533966
0.0031148
0.00163156
0.00118659
0.000889944
0.000444972
0.000444972
0.000148324
0.000296648
0.000296648
0.000444972
0.000444972
0.00192821
0.00786117
0.026105
0.0756452
0.176357
0.336547
0.520914
0.711065
0.819341
0.676357
0.42569
0.200979
0.0668941
0.0234352
0.0136458
0.00815782
0.00622961
0.00341145
0.00252151
0.00133492
0.00103827
0.000296648
0.000444972
0.000148324
0.000148324
0.000148324
0.000444972
0.00103827
0.00608128
0.021507
0.052655
0.128152
0.245476
0.392613
0.54598
0.67784
0.725156
0.596707
0.399881
0.215811
0.0851379
0.0345595
0.0179472
0.010976
0.00622961
0.00355977
0.00192821
0.00133492
0.00118659
0.000296648
0.000296648
0.000296648
0.000148324
0.000296648
0.000444972
0.00237318
0.0136458
0.0358944
0.0799466
0.171759
0.290715
0.422575
0.544052
0.625779
0.638386
0.543904
0.385346
0.228716
0.105755
0.0409374
0.0197271
0.0108276
0.00622961
0.00266983
0.00148324
0.00103827
0.00074162
0.000444972
0.000148324
0.000296648
0.000148324
0.000296648
0.000444972
0.00355977
0.0189855
0.0455354
0.102344
0.198902
0.306882
0.421388
0.503856
0.553397
0.553248
0.491101
0.371106
0.225452
0.109018
0.0418274
0.0172056
0.0074162
0.00459804
0.00133492
0.000593296
0.000296648
0.000593296
0.000296648
0.000148324
0.000148324
0.000148324
0.000148324
0.000148324
0.00400475
0.0186888
0.0401958
0.0937407
0.181549
0.278701
0.361614
0.413379
0.441857
0.447642
0.41679
0.31326
0.188668
0.0829131
0.0284782
0.00978938
0.00415307
0.00192821
0.00074162
0.000444972
0.000593296
0.000444972
0.000593296
0.000148324
0.000148324
0.000148324
0.000148324
0.000148324
0.00148324
0.00563631
0.0129042
0.0271433
0.0483536
0.07876
0.10353
0.118807
0.128152
0.138386
0.129635
0.0977455
0.0507268
0.0197271
0.00548799
0.00222486
0.00074162
0.000889944
0.000444972
0.000444972
0.000148324
0.000296648
0.000148324
0.000148324
0.000148324
0.000148324
0.000148324
0.000148324
0.000148324
0.000296648
0.000296648
0.00103827
0.00148324
0.00207654
0.00222486
0.00341145
0.00474637
0.00593296
0.00578463
0.00296648
0.00148324
0.000444972
0.000148324
0.000148324
0.000148324
0.000148324
0.000148324
0.000148324
0.000148324
0.000148324
0.000148324
0.000148324
0.000148324
0.000148324
0.000148324
0.000148324
0.000148324
0.000148324
0.000148324
0.000148324
0.000148324
0.000148324
0.000296648
0.000296648
0.000148324
0.000148324
0.000296648
0.000296648
0.000296648
0.000148324
0.000148324
0.000148324
0.000148324
0.000148324
0.000148324
0.000148324
0.000148324
0.000148324
0.000148324
0.000148324
0.000148324
0.000148324
0.000148324
0.000148324
0.000148324
0.000148324
0.000148324
0.000148324
0.000148324
0.000148324
0.000148324
0.000148324
0.000148324
0.000148324
0.000148324
0.000148324
0.000148324
0.000148324
0.000148324
0.000148324
0.000148324
0.000148324
0.000148324
0.000148324
0.000148324
0.000148324
0.000148324
0.000148324
0.0987167
0.112367
0.0993
0.102183
0.0973667
0.09035
0.0986333
0.104417
0.0975167
0.09915
